         0 
        1 :
       2 : 0
      3 : 0 1
     4 : 0 1 2
    5 : 0 1 2 3
   6 : 0 1 2 3 4
  7 : 0 1 2 3 4 5
 8 : 0 1 2 3 4 5 6
9 : 0 1 2 3 4 5 6 7
 : 0 1 2 3 4 5 6 7 8
  0 1 2 3 4 5 6 7 8 9
   1 2 3 4 5 6 7 8 9
    2 3 4 5 6 7 8 9
     3 4 5 6 7 8 9
      4 5 6 7 8 9
       5 6 7 8 9
        6 7 8 9
         7 8 9
          8 9
           9




         0 
        1 :
       2 : 0
      3 : 0 1
     4 : 0 1 2
    5 : 0 1 2 3
   6 : 0 1 2 3 4
  7 : 0 1 2 3 4 5
   : 0 1 2 3 4 5 6
    0 1 2 3 4 5 6 7
     1 2 3 4 5 6 7 8
      2 3 4 5 6 7 8 9
       3 4 5 6 7 8 9
        4 5 6 7 8 9
         5 6 7 8 9
          6 7 8 9
           7 8 9
            8 9
             9

west= y++; x--;
east= y--; x++;
northwest= x--;
northeast= y--;
southwest= y++;
southeast= x++;


출력순서(검사순서)
for(int i = 0; i<rows; i++) {
	for(int j = 0; j<=cols; j++) {
		처리 (i-j, j);
	}
}

i=0|j=0| (0, 0);
i=1|j=0| (1, 0);
i=1|j=1| (0, 1);
i=2|j=0| (2, 0);
i=2|j=1| (1, 1);
i=2|j=2| (0, 2);
...
i=7|j=0| (7, 0);
i=7|j=1| (6, 1);






i=0|j=0| (0, 0);
i=1|j=0| (1, 0);
i=1|j=1| (0, 1);
i=2|j=0| (2, 0);
i=2|j=1| (1, 1);
i=2|j=2| (0, 2);
i=3|j=0| (3, 0);
i=3|j=1| (2, 1);
i=3|j=2| (1, 2);
i=3|j=3| (0, 3);
 ...


0,0

1,0
0,1

2,0
1,1
0,2

3,0
2,1
1,2
0,3
